100
2 1 2
3 2 2
1 100000 1
1 100000 2
100000 100000 100000
99999 99979 99971
99983 99989 99989
98765 100000 99979
98761 100000 99991
96762 100000 99991
51668 67340 37836
30126 96542 41208
81652 80487 33984
61170 84390 49287
27041 62812 41510
14394 90902 77674
89655 99655 32935
2634 98135 63296
51354 81285 4995
41614 97353 62322
50479 88574 54274
24545 97262 21400
3224 96835 47726
36783 98730 14499
21279 90139 8697
91620 99349 32115
96921 94175 63855
44080 98442 81110
59913 98572 18474
56530 98648 94484
56765 97813 70655
67266 97482 66674
99318 98013 36074
75752 95268 88580
1742 80316 99930
2458 98585 11540
24928 96367 65150
54249 96368 88227
91146 97897 71922
54608 99273 61034
89361 93266 99729
50966 98840 42788
65678 98470 73080
4056 98962 51420
81954 95099 26718
37570 98058 37654
49854 97308 19846
44914 95420 79826
9960 98116 98499
89920 96338 45642
15732 99841 16218
98780 99478 40940
94806 99628 27586
64412 98248 58920
11685 99466 74871
96636 93430 34677
97710 99566 43484
17346 99169 57602
79060 98789 68728
85099 96933 16611
72606 98170 76389
13194 94513 55302
81098 98758 27686
65934 99262 43204
8900 99542 27880
90898 99908 59840
61416 98754 68326
76478 98495 38736
8864 98925 37886
83532 96481 49620
57087 98934 72279
83690 96086 28438
52022 96942 79192
58094 96184 58214
31820 97784 99162
16502 99845 39614
8762 98826 63502
2306 94626 49676
49208 97620 67672
73500 99269 90865
94725 39887 10525
94760 12224 23690
85038 94576 28346
89615 44176 17923
78606 95763 26202
95124 18256 7927
98301 94932 32767
79821 15649 26607
71384 69185 35692
91464 130 45732
88200 37588 50400
29156 63382 29156
7382 66397 59056
32700 854 65400
74034 95506 32904
9502 5389 38008
82750 99254 13240
36288 4479 72576
38724 93691 91278
48340 15841 29004
